shape_id,shape_pt_lat,shape_pt_lon,shape_pt_sequence,shape_dist_traveled
4..N06R,40.668897,-73.932942,0,
4..N06R,40.669399,-73.942161,1,
4..N06R,40.669847,-73.950466,2,
4..N06R,40.669922,-73.951706,3,
4..N06R,40.670083,-73.954713,4,
4..N06R,40.670096,-73.954983,5,
4..N06R,40.670118,-73.955258,6,
4..N06R,40.670157,-73.955542,7,
4..N06R,40.670208,-73.955823,8,
4..N06R,40.670682,-73.958131,9,
4..N06R,40.671987,-73.964375,10,
4..N06R,40.672915,-73.968465,11,
4..N06R,40.672955,-73.968631,12,
4..N06R,40.672999,-73.968779,13,
4..N06R,40.673056,-73.968947,14,
4..N06R,40.673121,-73.969088,15,
4..N06R,40.673208,-73.969259,16,
4..N06R,40.673299,-73.969397,17,
4..N06R,40.673414,-73.969546,18,
4..N06R,40.673552,-73.969694,19,
4..N06R,40.673679,-73.969806,20,
4..N06R,40.675235,-73.971046,21,
4..N06R,40.680829,-73.975098,22,
4..N06R,40.684359,-73.977666,23,
4..N06R,40.685781,-73.978708,24,
4..N06R,40.688246,-73.980492,25,
4..N06R,40.688475,-73.980654,26,
4..N06R,40.688533,-73.980697,27,
4..N06R,40.688593,-73.980740,28,
4..N06R,40.688649,-73.980785,29,
4..N06R,40.688705,-73.980833,30,
4..N06R,40.688757,-73.980884,31,
4..N06R,40.688808,-73.980941,32,
4..N06R,40.688856,-73.981001,33,
4..N06R,40.688902,-73.981065,34,
4..N06R,40.688945,-73.981133,35,
4..N06R,40.688987,-73.981205,36,
4..N06R,40.689027,-73.981280,37,
4..N06R,40.689062,-73.981360,38,
4..N06R,40.689096,-73.981444,39,
4..N06R,40.689130,-73.981529,40,
4..N06R,40.689164,-73.981616,41,
4..N06R,40.690545,-73.985065,42,
4..N06R,40.692195,-73.989185,43,
4..N06R,40.692211,-73.989230,44,
4..N06R,40.692226,-73.989278,45,
4..N06R,40.692242,-73.989328,46,
4..N06R,40.692257,-73.989382,47,
4..N06R,40.692271,-73.989438,48,
4..N06R,40.692286,-73.989497,49,
4..N06R,40.692300,-73.989558,50,
4..N06R,40.692314,-73.989623,51,
4..N06R,40.692328,-73.989690,52,
4..N06R,40.692341,-73.989760,53,
4..N06R,40.692354,-73.989832,54,
4..N06R,40.692367,-73.989908,55,
4..N06R,40.692380,-73.989986,56,
4..N06R,40.692392,-73.990067,57,
4..N06R,40.692404,-73.990151,58,
4..N06R,40.693147,-73.995080,59,
4..N06R,40.693837,-73.998992,60,
4..N06R,40.693877,-73.999213,61,
4..N06R,40.694217,-74.000520,62,
4..N06R,40.694369,-74.001108,63,
4..N06R,40.694560,-74.001884,64,
4..N06R,40.694739,-74.002639,65,
4..N06R,40.694909,-74.003274,66,
4..N06R,40.695132,-74.003986,67,
4..N06R,40.695366,-74.004589,68,
4..N06R,40.695589,-74.005177,69,
4..N06R,40.695813,-74.005764,70,
4..N06R,40.696065,-74.006198,71,
4..N06R,40.700938,-74.012544,72,
4..N06R,40.702003,-74.013973,73,
4..N06R,40.702119,-74.014111,74,
4..N06R,40.702238,-74.014233,75,
4..N06R,40.702361,-74.014341,76,
4..N06R,40.702488,-74.014432,77,
4..N06R,40.702618,-74.014509,78,
4..N06R,40.702752,-74.014569,79,
4..N06R,40.702890,-74.014615,80,
4..N06R,40.703031,-74.014645,81,
4..N06R,40.703176,-74.014660,82,
4..N06R,40.703325,-74.014659,83,
4..N06R,40.703477,-74.014643,84,
4..N06R,40.703634,-74.014612,85,
4..N06R,40.703793,-74.014565,86,
4..N06R,40.703957,-74.014503,87,
4..N06R,40.704123,-74.014428,88,
4..N06R,40.704817,-74.014065,89,
4..N06R,40.705053,-74.013932,90,
4..N06R,40.705168,-74.013854,91,
4..N06R,40.705299,-74.013759,92,
4..N06R,40.707557,-74.011862,93,
4..N06R,40.710368,-74.009509,94,
4..N06R,40.711218,-74.008770,95,
4..N06R,40.711238,-74.008748,96,
4..N06R,40.711258,-74.008725,97,
4..N06R,40.711278,-74.008700,98,
4..N06R,40.711296,-74.008675,99,
4..N06R,40.711314,-74.008649,100,
4..N06R,40.711332,-74.008622,101,
4..N06R,40.711348,-74.008594,102,
4..N06R,40.711364,-74.008565,103,
4..N06R,40.711379,-74.008536,104,
4..N06R,40.711393,-74.008505,105,
4..N06R,40.711406,-74.008473,106,
4..N06R,40.711419,-74.008441,107,
4..N06R,40.711431,-74.008407,108,
4..N06R,40.711442,-74.008372,109,
4..N06R,40.711451,-74.008338,110,
4..N06R,40.712214,-74.005290,111,
4..N06R,40.712228,-74.005233,112,
4..N06R,40.712243,-74.005177,113,
4..N06R,40.712260,-74.005124,114,
4..N06R,40.712278,-74.005073,115,
4..N06R,40.712297,-74.005023,116,
4..N06R,40.712318,-74.004976,117,
4..N06R,40.712340,-74.004930,118,
4..N06R,40.712363,-74.004886,119,
4..N06R,40.712387,-74.004845,120,
4..N06R,40.712413,-74.004805,121,
4..N06R,40.712440,-74.004767,122,
4..N06R,40.712469,-74.004731,123,
4..N06R,40.712498,-74.004697,124,
4..N06R,40.712530,-74.004665,125,
4..N06R,40.712564,-74.004631,126,
4..N06R,40.713065,-74.004131,127,
4..N06R,40.713850,-74.003437,128,
4..N06R,40.713889,-74.003402,129,
4..N06R,40.713930,-74.003369,130,
4..N06R,40.713971,-74.003339,131,
4..N06R,40.714014,-74.003311,132,
4..N06R,40.714057,-74.003286,133,
4..N06R,40.714102,-74.003263,134,
4..N06R,40.714149,-74.003242,135,
4..N06R,40.714196,-74.003224,136,
4..N06R,40.714244,-74.003209,137,
4..N06R,40.714294,-74.003195,138,
4..N06R,40.714345,-74.003184,139,
4..N06R,40.714396,-74.003176,140,
4..N06R,40.714449,-74.003170,141,
4..N06R,40.714504,-74.003166,142,
4..N06R,40.714559,-74.003165,143,
4..N06R,40.715371,-74.003063,144,
4..N06R,40.715405,-74.003059,145,
4..N06R,40.715438,-74.003054,146,
4..N06R,40.715471,-74.003048,147,
4..N06R,40.715503,-74.003040,148,
4..N06R,40.715535,-74.003031,149,
4..N06R,40.715566,-74.003020,150,
4..N06R,40.715597,-74.003008,151,
4..N06R,40.715627,-74.002994,152,
4..N06R,40.715657,-74.002979,153,
4..N06R,40.715687,-74.002963,154,
4..N06R,40.715716,-74.002945,155,
4..N06R,40.715744,-74.002925,156,
4..N06R,40.715772,-74.002905,157,
4..N06R,40.715800,-74.002883,158,
4..N06R,40.715827,-74.002859,159,
4..N06R,40.718803,-74.000193,160,
4..N06R,40.720055,-73.999049,161,
4..N06R,40.722125,-73.997276,162,
4..N06R,40.722138,-73.997264,163,
4..N06R,40.722151,-73.997253,164,
4..N06R,40.722163,-73.997241,165,
4..N06R,40.722176,-73.997231,166,
4..N06R,40.722188,-73.997220,167,
4..N06R,40.722201,-73.997210,168,
4..N06R,40.722213,-73.997201,169,
4..N06R,40.722225,-73.997191,170,
4..N06R,40.722237,-73.997183,171,
4..N06R,40.722249,-73.997174,172,
4..N06R,40.722261,-73.997166,173,
4..N06R,40.722273,-73.997158,174,
4..N06R,40.722285,-73.997151,175,
4..N06R,40.722301,-73.997141,176,
4..N06R,40.722322,-73.997128,177,
4..N06R,40.722336,-73.997120,178,
4..N06R,40.722350,-73.997112,179,
4..N06R,40.722364,-73.997104,180,
4..N06R,40.722379,-73.997096,181,
4..N06R,40.722393,-73.997088,182,
4..N06R,40.722407,-73.997081,183,
4..N06R,40.722421,-73.997073,184,
4..N06R,40.722435,-73.997066,185,
4..N06R,40.722450,-73.997060,186,
4..N06R,40.722464,-73.997053,187,
4..N06R,40.722478,-73.997047,188,
4..N06R,40.722492,-73.997041,189,
4..N06R,40.722507,-73.997035,190,
4..N06R,40.722521,-73.997029,191,
4..N06R,40.723289,-73.996736,192,
4..N06R,40.723314,-73.996726,193,
4..N06R,40.723340,-73.996714,194,
4..N06R,40.723365,-73.996702,195,
4..N06R,40.723390,-73.996690,196,
4..N06R,40.723415,-73.996676,197,
4..N06R,40.723439,-73.996662,198,
4..N06R,40.723464,-73.996647,199,
4..N06R,40.723488,-73.996631,200,
4..N06R,40.723512,-73.996614,201,
4..N06R,40.723536,-73.996597,202,
4..N06R,40.723560,-73.996579,203,
4..N06R,40.723584,-73.996560,204,
4..N06R,40.723607,-73.996540,205,
4..N06R,40.723631,-73.996519,206,
4..N06R,40.723654,-73.996498,207,
4..N06R,40.725915,-73.994659,208,
4..N06R,40.727308,-73.993622,209,
4..N06R,40.729514,-73.991740,210,
4..N06R,40.729555,-73.991705,211,
4..N06R,40.729595,-73.991669,212,
4..N06R,40.729634,-73.991631,213,
4..N06R,40.729673,-73.991592,214,
4..N06R,40.729711,-73.991551,215,
4..N06R,40.729748,-73.991509,216,
4..N06R,40.729785,-73.991466,217,
4..N06R,40.729821,-73.991422,218,
4..N06R,40.729856,-73.991376,219,
4..N06R,40.729891,-73.991328,220,
4..N06R,40.729925,-73.991280,221,
4..N06R,40.729958,-73.991229,222,
4..N06R,40.729991,-73.991178,223,
4..N06R,40.730023,-73.991125,224,
4..N06R,40.730054,-73.991070,225,
4..N06R,40.730098,-73.991003,226,
4..N06R,40.730144,-73.990941,227,
4..N06R,40.730194,-73.990882,228,
4..N06R,40.730246,-73.990827,229,
4..N06R,40.730300,-73.990775,230,
4..N06R,40.730358,-73.990727,231,
4..N06R,40.730419,-73.990682,232,
4..N06R,40.730482,-73.990641,233,
4..N06R,40.730548,-73.990603,234,
4..N06R,40.730618,-73.990569,235,
4..N06R,40.730690,-73.990538,236,
4..N06R,40.730765,-73.990511,237,
4..N06R,40.730843,-73.990488,238,
4..N06R,40.730923,-73.990468,239,
4..N06R,40.731008,-73.990453,240,
4..N06R,40.733476,-73.989863,241,
4..N06R,40.733543,-73.989854,242,
4..N06R,40.733612,-73.989847,243,
4..N06R,40.733682,-73.989842,244,
4..N06R,40.733755,-73.989839,245,
4..N06R,40.733829,-73.989838,246,
4..N06R,40.733905,-73.989840,247,
4..N06R,40.733983,-73.989843,248,
4..N06R,40.734063,-73.989849,249,
4..N06R,40.734145,-73.989857,250,
4..N06R,40.734228,-73.989867,251,
4..N06R,40.734314,-73.989880,252,
4..N06R,40.734401,-73.989894,253,
4..N06R,40.734490,-73.989911,254,
4..N06R,40.734580,-73.989930,255,
4..N06R,40.734673,-73.989951,256,
4..N06R,40.734726,-73.989958,257,
4..N06R,40.734779,-73.989964,258,
4..N06R,40.734832,-73.989967,259,
4..N06R,40.734884,-73.989969,260,
4..N06R,40.734935,-73.989968,261,
4..N06R,40.734986,-73.989965,262,
4..N06R,40.735035,-73.989960,263,
4..N06R,40.735084,-73.989953,264,
4..N06R,40.735133,-73.989944,265,
4..N06R,40.735181,-73.989933,266,
4..N06R,40.735228,-73.989920,267,
4..N06R,40.735274,-73.989904,268,
4..N06R,40.735320,-73.989887,269,
4..N06R,40.735365,-73.989867,270,
4..N06R,40.735409,-73.989845,271,
4..N06R,40.739864,-73.986599,272,
4..N06R,40.743070,-73.984264,273,
4..N06R,40.746081,-73.982076,274,
4..N06R,40.751266,-73.978287,275,
4..N06R,40.751298,-73.978260,276,
4..N06R,40.751327,-73.978232,277,
4..N06R,40.751355,-73.978203,278,
4..N06R,40.751381,-73.978172,279,
4..N06R,40.751406,-73.978141,280,
4..N06R,40.751430,-73.978108,281,
4..N06R,40.751452,-73.978074,282,
4..N06R,40.751472,-73.978038,283,
4..N06R,40.751491,-73.978002,284,
4..N06R,40.751509,-73.977964,285,
4..N06R,40.751525,-73.977925,286,
4..N06R,40.751540,-73.977884,287,
4..N06R,40.751553,-73.977843,288,
4..N06R,40.751565,-73.977800,289,
4..N06R,40.751575,-73.977756,290,
4..N06R,40.751776,-73.976848,291,
4..N06R,40.751967,-73.976038,292,
4..N06R,40.751983,-73.975979,293,
4..N06R,40.751998,-73.975923,294,
4..N06R,40.752014,-73.975869,295,
4..N06R,40.752032,-73.975817,296,
4..N06R,40.752051,-73.975768,297,
4..N06R,40.752072,-73.975721,298,
4..N06R,40.752095,-73.975676,299,
4..N06R,40.752119,-73.975634,300,
4..N06R,40.752145,-73.975594,301,
4..N06R,40.752173,-73.975556,302,
4..N06R,40.752202,-73.975521,303,
4..N06R,40.752233,-73.975487,304,
4..N06R,40.752266,-73.975456,305,
4..N06R,40.752300,-73.975427,306,
4..N06R,40.752336,-73.975400,307,
4..N06R,40.757107,-73.971920,308,
4..N06R,40.762526,-73.967967,309,
4..N06R,40.768141,-73.963870,310,
4..N06R,40.773620,-73.959874,311,
4..N06R,40.779492,-73.955589,312,
4..N06R,40.785672,-73.951070,313,
4..N06R,40.790600,-73.947478,314,
4..N06R,40.795020,-73.944250,315,
4..N06R,40.798629,-73.941617,316,
4..N06R,40.804138,-73.937594,317,
4..N06R,40.804172,-73.937570,318,
4..N06R,40.808118,-73.934685,319,
4..N06R,40.808149,-73.934662,320,
4..N06R,40.808179,-73.934639,321,
4..N06R,40.808209,-73.934616,322,
4..N06R,40.808239,-73.934592,323,
4..N06R,40.808267,-73.934569,324,
4..N06R,40.808296,-73.934546,325,
4..N06R,40.808323,-73.934523,326,
4..N06R,40.808351,-73.934501,327,
4..N06R,40.808377,-73.934478,328,
4..N06R,40.808403,-73.934455,329,
4..N06R,40.808429,-73.934433,330,
4..N06R,40.808454,-73.934410,331,
4..N06R,40.808479,-73.934388,332,
4..N06R,40.808503,-73.934366,333,
4..N06R,40.808526,-73.934344,334,
4..N06R,40.812093,-73.930931,335,
4..N06R,40.813224,-73.929849,336,
4..N06R,40.813881,-73.929281,337,
4..N06R,40.813931,-73.929244,338,
4..N06R,40.813982,-73.929209,339,
4..N06R,40.814033,-73.929174,340,
4..N06R,40.814085,-73.929142,341,
4..N06R,40.814137,-73.929110,342,
4..N06R,40.814189,-73.929080,343,
4..N06R,40.814242,-73.929051,344,
4..N06R,40.814295,-73.929023,345,
4..N06R,40.814348,-73.928997,346,
4..N06R,40.814402,-73.928972,347,
4..N06R,40.814456,-73.928949,348,
4..N06R,40.814511,-73.928927,349,
4..N06R,40.814566,-73.928906,350,
4..N06R,40.814621,-73.928886,351,
4..N06R,40.814677,-73.928868,352,
4..N06R,40.816617,-73.928138,353,
4..N06R,40.816675,-73.928118,354,
4..N06R,40.816732,-73.928097,355,
4..N06R,40.816790,-73.928076,356,
4..N06R,40.816847,-73.928054,357,
4..N06R,40.816905,-73.928031,358,
4..N06R,40.816962,-73.928008,359,
4..N06R,40.817019,-73.927985,360,
4..N06R,40.817077,-73.927961,361,
4..N06R,40.817134,-73.927936,362,
4..N06R,40.817191,-73.927911,363,
4..N06R,40.817247,-73.927885,364,
4..N06R,40.817304,-73.927859,365,
4..N06R,40.817361,-73.927832,366,
4..N06R,40.817417,-73.927805,367,
4..N06R,40.817474,-73.927778,368,
4..N06R,40.818375,-73.927351,369,
4..N06R,40.820256,-73.926469,370,
4..N06R,40.820412,-73.926398,371,
4..N06R,40.820563,-73.926341,372,
4..N06R,40.820713,-73.926291,373,
4..N06R,40.820861,-73.926251,374,
4..N06R,40.821007,-73.926218,375,
4..N06R,40.821152,-73.926194,376,
4..N06R,40.821296,-73.926179,377,
4..N06R,40.821438,-73.926171,378,
4..N06R,40.821579,-73.926173,379,
4..N06R,40.821718,-73.926182,380,
4..N06R,40.821856,-73.926200,381,
4..N06R,40.821992,-73.926226,382,
4..N06R,40.822127,-73.926261,383,
4..N06R,40.822260,-73.926304,384,
4..N06R,40.822389,-73.926350,385,
4..N06R,40.824371,-73.927026,386,
4..N06R,40.824472,-73.927070,387,
4..N06R,40.824562,-73.927106,388,
4..N06R,40.824649,-73.927132,389,
4..N06R,40.824773,-73.927165,390,
4..N06R,40.824910,-73.927191,391,
4..N06R,40.825108,-73.927210,392,
4..N06R,40.825316,-73.927208,393,
4..N06R,40.825624,-73.927148,394,
4..N06R,40.825847,-73.927074,395,
4..N06R,40.826064,-73.926972,396,
4..N06R,40.826290,-73.926840,397,
4..N06R,40.827994,-73.925831,398,
4..N06R,40.835537,-73.921400,399,
4..N06R,40.837105,-73.920476,400,
4..N06R,40.837361,-73.920309,401,
4..N06R,40.837556,-73.920130,402,
4..N06R,40.837704,-73.919948,403,
4..N06R,40.837967,-73.919553,404,
4..N06R,40.838130,-73.919312,405,
4..N06R,40.838292,-73.919114,406,
4..N06R,40.838463,-73.918951,407,
4..N06R,40.838699,-73.918774,408,
4..N06R,40.840075,-73.917791,409,
4..N06R,40.844434,-73.914685,410,
4..N06R,40.848480,-73.911794,411,
4..N06R,40.850105,-73.910631,412,
4..N06R,40.850182,-73.910580,413,
4..N06R,40.850257,-73.910527,414,
4..N06R,40.850332,-73.910472,415,
4..N06R,40.850407,-73.910417,416,
4..N06R,40.850482,-73.910360,417,
4..N06R,40.850556,-73.910302,418,
4..N06R,40.850631,-73.910243,419,
4..N06R,40.850705,-73.910183,420,
4..N06R,40.850779,-73.910121,421,
4..N06R,40.850853,-73.910058,422,
4..N06R,40.850927,-73.909995,423,
4..N06R,40.851000,-73.909929,424,
4..N06R,40.851074,-73.909863,425,
4..N06R,40.851147,-73.909796,426,
4..N06R,40.851220,-73.909727,427,
4..N06R,40.853453,-73.907684,428,
4..N06R,40.855537,-73.905801,429,
4..N06R,40.855612,-73.905731,430,
4..N06R,40.855688,-73.905663,431,
4..N06R,40.855764,-73.905597,432,
4..N06R,40.855839,-73.905533,433,
4..N06R,40.855915,-73.905470,434,
4..N06R,40.855991,-73.905409,435,
4..N06R,40.856067,-73.905350,436,
4..N06R,40.856143,-73.905292,437,
4..N06R,40.856219,-73.905236,438,
4..N06R,40.856295,-73.905182,439,
4..N06R,40.856371,-73.905129,440,
4..N06R,40.856446,-73.905078,441,
4..N06R,40.856522,-73.905029,442,
4..N06R,40.856598,-73.904981,443,
4..N06R,40.856673,-73.904933,444,
4..N06R,40.858407,-73.903879,445,
4..N06R,40.861321,-73.902090,446,
4..N06R,40.861383,-73.902053,447,
4..N06R,40.861442,-73.902017,448,
4..N06R,40.861500,-73.901982,449,
4..N06R,40.861555,-73.901948,450,
4..N06R,40.861609,-73.901915,451,
4..N06R,40.861660,-73.901882,452,
4..N06R,40.861709,-73.901851,453,
4..N06R,40.861756,-73.901821,454,
4..N06R,40.861801,-73.901792,455,
4..N06R,40.861844,-73.901763,456,
4..N06R,40.861885,-73.901736,457,
4..N06R,40.861924,-73.901710,458,
4..N06R,40.861961,-73.901684,459,
4..N06R,40.861995,-73.901660,460,
4..N06R,40.862028,-73.901636,461,
4..N06R,40.862803,-73.901034,462,
4..N06R,40.867760,-73.897174,463,
4..N06R,40.870029,-73.895412,464,
4..N06R,40.870071,-73.895375,465,
4..N06R,40.870113,-73.895338,466,
4..N06R,40.870154,-73.895300,467,
4..N06R,40.870194,-73.895261,468,
4..N06R,40.870233,-73.895221,469,
4..N06R,40.870271,-73.895180,470,
4..N06R,40.870308,-73.895138,471,
4..N06R,40.870344,-73.895095,472,
4..N06R,40.870379,-73.895052,473,
4..N06R,40.870413,-73.895007,474,
4..N06R,40.870446,-73.894961,475,
4..N06R,40.870477,-73.894915,476,
4..N06R,40.870508,-73.894867,477,
4..N06R,40.870538,-73.894819,478,
4..N06R,40.870567,-73.894770,479,
4..N06R,40.871644,-73.892543,480,
4..N06R,40.871675,-73.892483,481,
4..N06R,40.871707,-73.892422,482,
4..N06R,40.871741,-73.892360,483,
4..N06R,40.871776,-73.892297,484,
4..N06R,40.871812,-73.892233,485,
4..N06R,40.871849,-73.892168,486,
4..N06R,40.871888,-73.892103,487,
4..N06R,40.871928,-73.892037,488,
4..N06R,40.871970,-73.891970,489,
4..N06R,40.872012,-73.891902,490,
4..N06R,40.872057,-73.891833,491,
4..N06R,40.872102,-73.891764,492,
4..N06R,40.872149,-73.891693,493,
4..N06R,40.872197,-73.891622,494,
4..N06R,40.872246,-73.891551,495,
4..N06R,40.873412,-73.890064,496,
4..N06R,40.874005,-73.889335,497,
4..N06R,40.874041,-73.889294,498,
4..N06R,40.874078,-73.889253,499,
4..N06R,40.874115,-73.889214,500,
4..N06R,40.874154,-73.889175,501,
4..N06R,40.874193,-73.889138,502,
4..N06R,40.874233,-73.889102,503,
4..N06R,40.874273,-73.889066,504,
4..N06R,40.874315,-73.889032,505,
4..N06R,40.874357,-73.888999,506,
4..N06R,40.874400,-73.888966,507,
4..N06R,40.874444,-73.888935,508,
4..N06R,40.874489,-73.888905,509,
4..N06R,40.874535,-73.888875,510,
4..N06R,40.874581,-73.888847,511,
4..N06R,40.874628,-73.888820,512,
4..N06R,40.876764,-73.887857,513,
4..N06R,40.876819,-73.887827,514,
4..N06R,40.876873,-73.887796,515,
4..N06R,40.876926,-73.887764,516,
4..N06R,40.876978,-73.887730,517,
4..N06R,40.877029,-73.887695,518,
4..N06R,40.877080,-73.887659,519,
4..N06R,40.877129,-73.887621,520,
4..N06R,40.877178,-73.887581,521,
4..N06R,40.877226,-73.887540,522,
4..N06R,40.877273,-73.887498,523,
4..N06R,40.877320,-73.887454,524,
4..N06R,40.877365,-73.887409,525,
4..N06R,40.877409,-73.887363,526,
4..N06R,40.877453,-73.887315,527,
4..N06R,40.877496,-73.887266,528,
4..N06R,40.879750,-73.884655,529,
4..N06R,40.882310,-73.881692,530,
4..N06R,40.882368,-73.881629,531,
4..N06R,40.882426,-73.881567,532,
4..N06R,40.882483,-73.881506,533,
4..N06R,40.882541,-73.881447,534,
4..N06R,40.882599,-73.881389,535,
4..N06R,40.882656,-73.881332,536,
4..N06R,40.882714,-73.881276,537,
4..N06R,40.882772,-73.881222,538,
4..N06R,40.882829,-73.881169,539,
4..N06R,40.882887,-73.881118,540,
4..N06R,40.882945,-73.881067,541,
4..N06R,40.883002,-73.881018,542,
4..N06R,40.883060,-73.880971,543,
4..N06R,40.883117,-73.880924,544,
4..N06R,40.883175,-73.880879,545,
4..N06R,40.886037,-73.878751,546,